       0.00000       0.00000       0.00000       0.00000       0.00000       0.00000
     114.09314     114.09314     114.09314       0.00000       0.00000       0.00000
     123.72958     114.97958     114.97958       0.00000       0.00000       0.00000
     132.25357     116.42224     116.42224       0.00000       0.00000       0.00000
     140.29011     118.10862     118.10862       0.00000       0.00000       0.00000
     147.21821     120.34923     120.34923       0.00000       0.00000       0.00000
     154.14632     122.58983     122.58983       0.00000       0.00000       0.00000
     160.23708     125.24911     125.24911       0.00000       0.00000       0.00000
     166.12352     128.01054     128.01054       0.00000       0.00000       0.00000
     172.00996     130.77198     130.77198       0.00000       0.00000       0.00000
     177.61327     133.67498     133.67498       0.00000       0.00000       0.00000
     182.66638     136.85309     136.85309       0.00000       0.00000       0.00000
     188.99960     140.83631     140.83631       0.00000       0.00000       0.00000
     195.23294     144.75671     144.75671       0.00000       0.00000       0.00000
     201.26810     148.55247     148.55247       0.00000       0.00000       0.00000
     206.77003     152.28365     152.28365       0.00000       0.00000       0.00000
     211.46522     155.98479     155.98479       0.00000       0.00000       0.00000
     215.74994     159.36237     159.36237       0.00000       0.00000       0.00000
     219.55661     162.36311     162.36311       0.00000       0.00000       0.00000
     222.82520     164.93969     164.93969       0.00000       0.00000       0.00000
     225.50416     167.05147     167.05147       0.00000       0.00000       0.00000
     227.55125     168.66516     168.66516       0.00000       0.00000       0.00000
     228.93418     169.75530     169.75530       0.00000       0.00000       0.00000
     229.63114     170.30470     170.30470       0.00000       0.00000       0.00000
     229.63114     170.30470     170.30470       0.00000       0.00000       0.00000
     228.11442     170.16518     170.16518       0.00000       0.00000       0.00000
     225.10489     169.88834     169.88834       0.00000       0.00000       0.00000
     220.65002     169.47855     169.47855       0.00000       0.00000       0.00000
     214.82005     168.94226     168.94226       0.00000       0.00000       0.00000
     207.70695     168.28794     168.28794       0.00000       0.00000       0.00000
     200.38601     167.04433     167.04433       0.00000       0.00000       0.00000
     192.47273     165.48104     165.48104       0.00000       0.00000       0.00000
     183.80135     163.76799     163.76799       0.00000       0.00000       0.00000
     175.16555     161.60374     161.60374       0.00000       0.00000       0.00000
     166.89099     158.92769     158.92769       0.00000       0.00000       0.00000
     158.34471     156.16375     156.16375       0.00000       0.00000       0.00000
     149.66149     153.35553     153.35553       0.00000       0.00000       0.00000
     141.85462     150.10913     150.10913       0.00000       0.00000       0.00000
     134.59331     146.70272     146.70272       0.00000       0.00000       0.00000
     127.56286     143.40460     143.40460       0.00000       0.00000       0.00000
     120.87415     140.26680     140.26680       0.00000       0.00000       0.00000
     114.63267     137.33881     137.33881       0.00000       0.00000       0.00000
     108.93684     134.66679     134.66679       0.00000       0.00000       0.00000
     104.18058     132.14085     132.14085       0.00000       0.00000       0.00000
     100.45064     129.79494     129.79494       0.00000       0.00000       0.00000
      97.39356     127.87222     127.87222       0.00000       0.00000       0.00000
      95.05754     126.40299     126.40299       0.00000       0.00000       0.00000
      93.47942     125.41045     125.41045       0.00000       0.00000       0.00000
      92.68408     124.91023     124.91023       0.00000       0.00000       0.00000
      92.68408     124.91023     124.91023       0.00000       0.00000       0.00000
      94.20081     125.04975     125.04975       0.00000       0.00000       0.00000
      97.21034     125.32659     125.32659       0.00000       0.00000       0.00000
     101.66521     125.73639     125.73639       0.00000       0.00000       0.00000
     107.49517     126.27268     126.27268       0.00000       0.00000       0.00000
     114.60828     126.92700     126.92700       0.00000       0.00000       0.00000
     121.92921     128.17060     128.17060       0.00000       0.00000       0.00000
     129.84250     129.73389     129.73389       0.00000       0.00000       0.00000
     138.51387     131.44694     131.44694       0.00000       0.00000       0.00000
     147.14968     133.61119     133.61119       0.00000       0.00000       0.00000
     155.42424     136.28725     136.28725       0.00000       0.00000       0.00000
     163.97052     139.05118     139.05118       0.00000       0.00000       0.00000
     172.65374     141.85941     141.85941       0.00000       0.00000       0.00000
     180.46061     145.10580     145.10580       0.00000       0.00000       0.00000
     187.72192     148.51222     148.51222       0.00000       0.00000       0.00000
     194.75237     151.81033     151.81033       0.00000       0.00000       0.00000
     201.44107     154.94813     154.94813       0.00000       0.00000       0.00000
     207.68256     157.87613     157.87613       0.00000       0.00000       0.00000
     213.37838     160.54815     160.54815       0.00000       0.00000       0.00000
     218.13465     163.07409     163.07409       0.00000       0.00000       0.00000
     221.86458     165.41999     165.41999       0.00000       0.00000       0.00000
     224.92167     167.34272     167.34272       0.00000       0.00000       0.00000
     227.25769     168.81194     168.81194       0.00000       0.00000       0.00000
     228.83581     169.80449     169.80449       0.00000       0.00000       0.00000
     229.63114     170.30470     170.30470       0.00000       0.00000       0.00000
     229.63114     170.30470     170.30470       0.00000       0.00000       0.00000
     228.11442     170.16518     170.16518       0.00000       0.00000       0.00000
     225.10489     169.88834     169.88834       0.00000       0.00000       0.00000
     220.65002     169.47855     169.47855       0.00000       0.00000       0.00000
     214.82005     168.94226     168.94226       0.00000       0.00000       0.00000
     207.70695     168.28794     168.28794       0.00000       0.00000       0.00000
     200.38601     167.04433     167.04433       0.00000       0.00000       0.00000
     192.47273     165.48104     165.48104       0.00000       0.00000       0.00000
     183.80135     163.76799     163.76799       0.00000       0.00000       0.00000
     175.16555     161.60374     161.60374       0.00000       0.00000       0.00000
     166.89099     158.92769     158.92769       0.00000       0.00000       0.00000
     158.34471     156.16375     156.16375       0.00000       0.00000       0.00000
     149.66149     153.35553     153.35553       0.00000       0.00000       0.00000
     141.85462     150.10913     150.10913       0.00000       0.00000       0.00000
     134.59331     146.70272     146.70272       0.00000       0.00000       0.00000
     127.56286     143.40460     143.40460       0.00000       0.00000       0.00000
     120.87415     140.26680     140.26680       0.00000       0.00000       0.00000
     114.63267     137.33881     137.33881       0.00000       0.00000       0.00000
     108.93684     134.66679     134.66679       0.00000       0.00000       0.00000
     104.18058     132.14085     132.14085       0.00000       0.00000       0.00000
     100.45064     129.79494     129.79494       0.00000       0.00000       0.00000
      97.39356     127.87222     127.87222       0.00000       0.00000       0.00000
      95.05754     126.40299     126.40299       0.00000       0.00000       0.00000
      93.47942     125.41045     125.41045       0.00000       0.00000       0.00000
      92.68408     124.91023     124.91023       0.00000       0.00000       0.00000
      92.68408     124.91023     124.91023       0.00000       0.00000       0.00000
      94.20081     125.04975     125.04975       0.00000       0.00000       0.00000
      97.21034     125.32659     125.32659       0.00000       0.00000       0.00000
     101.66521     125.73639     125.73639       0.00000       0.00000       0.00000
     107.49517     126.27268     126.27268       0.00000       0.00000       0.00000
     114.60828     126.92700     126.92700       0.00000       0.00000       0.00000
     121.92921     128.17060     128.17060       0.00000       0.00000       0.00000
     129.84250     129.73389     129.73389       0.00000       0.00000       0.00000
     138.51387     131.44694     131.44694       0.00000       0.00000       0.00000
     147.14968     133.61119     133.61119       0.00000       0.00000       0.00000
     155.42424     136.28725     136.28725       0.00000       0.00000       0.00000
     163.97052     139.05118     139.05118       0.00000       0.00000       0.00000
     172.65374     141.85941     141.85941       0.00000       0.00000       0.00000
     180.46061     145.10580     145.10580       0.00000       0.00000       0.00000
     187.72192     148.51222     148.51222       0.00000       0.00000       0.00000
     194.75237     151.81033     151.81033       0.00000       0.00000       0.00000
     201.44107     154.94813     154.94813       0.00000       0.00000       0.00000
     207.68256     157.87613     157.87613       0.00000       0.00000       0.00000
     213.37838     160.54815     160.54815       0.00000       0.00000       0.00000
     218.13465     163.07409     163.07409       0.00000       0.00000       0.00000
     221.86458     165.41999     165.41999       0.00000       0.00000       0.00000
     224.92167     167.34272     167.34272       0.00000       0.00000       0.00000
     227.25769     168.81194     168.81194       0.00000       0.00000       0.00000
     228.83581     169.80449     169.80449       0.00000       0.00000       0.00000
     229.63114     170.30470     170.30470       0.00000       0.00000       0.00000
     229.63114     170.30470     170.30470       0.00000       0.00000       0.00000
     228.11442     170.16518     170.16518       0.00000       0.00000       0.00000
     225.10489     169.88834     169.88834       0.00000       0.00000       0.00000
     220.65002     169.47855     169.47855       0.00000       0.00000       0.00000
     214.82005     168.94226     168.94226       0.00000       0.00000       0.00000
     207.70695     168.28794     168.28794       0.00000       0.00000       0.00000
     200.38601     167.04433     167.04433       0.00000       0.00000       0.00000
     192.47273     165.48104     165.48104       0.00000       0.00000       0.00000
     183.80135     163.76799     163.76799       0.00000       0.00000       0.00000
     175.16555     161.60374     161.60374       0.00000       0.00000       0.00000
     166.89099     158.92769     158.92769       0.00000       0.00000       0.00000
     158.34471     156.16375     156.16375       0.00000       0.00000       0.00000
     149.66149     153.35553     153.35553       0.00000       0.00000       0.00000
     141.85462     150.10913     150.10913       0.00000       0.00000       0.00000
     134.59331     146.70272     146.70272       0.00000       0.00000       0.00000
     127.56286     143.40460     143.40460       0.00000       0.00000       0.00000
     120.87415     140.26680     140.26680       0.00000       0.00000       0.00000
     114.63267     137.33881     137.33881       0.00000       0.00000       0.00000
     108.93684     134.66679     134.66679       0.00000       0.00000       0.00000
     104.18058     132.14085     132.14085       0.00000       0.00000       0.00000
     100.45064     129.79494     129.79494       0.00000       0.00000       0.00000
      97.39356     127.87222     127.87222       0.00000       0.00000       0.00000
      95.05754     126.40299     126.40299       0.00000       0.00000       0.00000
      93.47942     125.41045     125.41045       0.00000       0.00000       0.00000
      92.68408     124.91023     124.91023       0.00000       0.00000       0.00000
      92.68408     124.91023     124.91023       0.00000       0.00000       0.00000
      94.20081     125.04975     125.04975       0.00000       0.00000       0.00000
      97.21034     125.32659     125.32659       0.00000       0.00000       0.00000
     101.66521     125.73639     125.73639       0.00000       0.00000       0.00000
     107.49517     126.27268     126.27268       0.00000       0.00000       0.00000
     114.60828     126.92700     126.92700       0.00000       0.00000       0.00000
     121.92921     128.17060     128.17060       0.00000       0.00000       0.00000
     129.84250     129.73389     129.73389       0.00000       0.00000       0.00000
     138.51387     131.44694     131.44694       0.00000       0.00000       0.00000
     147.14968     133.61119     133.61119       0.00000       0.00000       0.00000
     155.42424     136.28725     136.28725       0.00000       0.00000       0.00000
     163.97052     139.05118     139.05118       0.00000       0.00000       0.00000
     172.65374     141.85941     141.85941       0.00000       0.00000       0.00000
     180.46061     145.10580     145.10580       0.00000       0.00000       0.00000
     187.72192     148.51222     148.51222       0.00000       0.00000       0.00000
     194.75237     151.81033     151.81033       0.00000       0.00000       0.00000
     201.44107     154.94813     154.94813       0.00000       0.00000       0.00000
     207.68256     157.87613     157.87613       0.00000       0.00000       0.00000
     213.37838     160.54815     160.54815       0.00000       0.00000       0.00000
     218.13465     163.07409     163.07409       0.00000       0.00000       0.00000
     221.86458     165.41999     165.41999       0.00000       0.00000       0.00000
     224.92167     167.34272     167.34272       0.00000       0.00000       0.00000
     227.25769     168.81194     168.81194       0.00000       0.00000       0.00000
     228.83581     169.80449     169.80449       0.00000       0.00000       0.00000
     229.63114     170.30470     170.30470       0.00000       0.00000       0.00000
     229.63114     170.30470     170.30470       0.00000       0.00000       0.00000
     228.11442     170.16518     170.16518       0.00000       0.00000       0.00000
     225.10489     169.88834     169.88834       0.00000       0.00000       0.00000
     220.65002     169.47855     169.47855       0.00000       0.00000       0.00000
     214.82005     168.94226     168.94226       0.00000       0.00000       0.00000
     207.70695     168.28794     168.28794       0.00000       0.00000       0.00000
     200.38601     167.04433     167.04433       0.00000       0.00000       0.00000
     192.47273     165.48104     165.48104       0.00000       0.00000       0.00000
     183.80135     163.76799     163.76799       0.00000       0.00000       0.00000
     175.16555     161.60374     161.60374       0.00000       0.00000       0.00000
     166.89099     158.92769     158.92769       0.00000       0.00000       0.00000
     158.34471     156.16375     156.16375       0.00000       0.00000       0.00000
     149.66149     153.35553     153.35553       0.00000       0.00000       0.00000
     141.85462     150.10913     150.10913       0.00000       0.00000       0.00000
     134.59331     146.70272     146.70272       0.00000       0.00000       0.00000
     127.56286     143.40460     143.40460       0.00000       0.00000       0.00000
     120.87415     140.26680     140.26680       0.00000       0.00000       0.00000
     114.63267     137.33881     137.33881       0.00000       0.00000       0.00000
     108.93684     134.66679     134.66679       0.00000       0.00000       0.00000
     104.18058     132.14085     132.14085       0.00000       0.00000       0.00000
     100.45064     129.79494     129.79494       0.00000       0.00000       0.00000
      97.39356     127.87222     127.87222       0.00000       0.00000       0.00000
      95.05754     126.40299     126.40299       0.00000       0.00000       0.00000
      93.47942     125.41045     125.41045       0.00000       0.00000       0.00000
      92.68408     124.91023     124.91023       0.00000       0.00000       0.00000
      92.68408     124.91023     124.91023       0.00000       0.00000       0.00000
      94.20081     125.04975     125.04975       0.00000       0.00000       0.00000
      97.21034     125.32659     125.32659       0.00000       0.00000       0.00000
     101.66521     125.73639     125.73639       0.00000       0.00000       0.00000
     107.49517     126.27268     126.27268       0.00000       0.00000       0.00000
     114.60828     126.92700     126.92700       0.00000       0.00000       0.00000
     121.92921     128.17060     128.17060       0.00000       0.00000       0.00000
     129.84250     129.73389     129.73389       0.00000       0.00000       0.00000
     138.51387     131.44694     131.44694       0.00000       0.00000       0.00000
     147.14968     133.61119     133.61119       0.00000       0.00000       0.00000
     155.42424     136.28725     136.28725       0.00000       0.00000       0.00000
     163.97052     139.05118     139.05118       0.00000       0.00000       0.00000
     172.65374     141.85941     141.85941       0.00000       0.00000       0.00000
